time,r11,r12,r13,r21,r22,r23,r31,r32,r33
4732,-3.57136e-06,-1,3.6732e-06,9.26287e-06,-3.67323e-06,-1,1,-3.57133e-06,9.26288e-06
14766,-3.63136e-06,-1,3.6732e-06,9.32286e-06,-3.67323e-06,-1,1,-3.63133e-06,9.32287e-06
24933,-3.54741e-06,-1,3.6732e-06,9.08309e-06,-3.67323e-06,-1,1,-3.54738e-06,9.08311e-06
35012,-3.70312e-06,-1,3.6732e-06,9.26297e-06,-3.67323e-06,-1,1,-3.70309e-06,9.26298e-06
45101,-3.75114e-06,-1,3.6732e-06,9.56252e-06,-3.67324e-06,-1,1,-3.7511e-06,9.56253e-06
55127,-3.763e-06,-1,3.6732e-06,9.38274e-06,-3.67324e-06,-1,1,-3.76297e-06,9.38276e-06
65143,-3.66719e-06,-1,3.6732e-06,9.56262e-06,-3.67324e-06,-1,1,-3.66715e-06,9.56263e-06
75054,-3.47538e-06,-1,3.6732e-06,9.80217e-06,-3.67323e-06,-1,1,-3.47534e-06,9.80218e-06
85152,-3.75114e-06,-1,3.6732e-06,9.98194e-06,-3.67324e-06,-1,1,-3.7511e-06,9.98195e-06
95103,-3.66722e-06,-1,3.6732e-06,2.04014e-05,-3.67327e-06,-1,1,-3.66715e-06,2.04014e-05
105108,-3.75125e-06,-1,3.6732e-06,4.10007e-05,-3.67335e-06,-1,1,-3.7511e-06,4.10007e-05
114880,-3.76327e-06,-1,3.6732e-06,8.05212e-05,-3.6735e-06,-1,1,-3.76297e-06,8.05213e-05
125090,-3.82352e-06,-1,3.6732e-06,0.000150521,-3.67378e-06,-1,1,-3.82297e-06,0.000150521
135142,-3.81191e-06,-1,3.6732e-06,0.000250521,-3.67416e-06,-1,1,-3.81099e-06,0.000250521
145143,-4.07604e-06,-1,3.6732e-06,0.00037166,-3.67471e-06,-1,1,-4.07467e-06,0.00037166
154943,-4.01673e-06,-1,3.67318e-06,0.000530828,-3.67531e-06,-1,1,-4.01478e-06,0.000530828
165153,-4.02959e-06,-1,3.67312e-06,0.000754137,-3.67616e-06,-1,1,-4.02682e-06,0.000754137
175201,-4.04234e-06,-1,3.67307e-06,0.00098206,-3.67703e-06,-1,1,-4.03873e-06,0.00098206
184990,-3.92347e-06,-1,3.67303e-06,0.00122674,-3.67785e-06,-0.999999,0.999999,-3.91896e-06,0.00122674
195017,-3.96015e-06,-1,3.67302e-06,0.00146177,-3.67881e-06,-0.999999,0.999999,-3.95478e-06,0.00146177
205064,-3.69754e-06,-1,3.67308e-06,0.00172075,-3.67944e-06,-0.999999,0.999999,-3.69121e-06,0.00172075
215128,-3.86639e-06,-1,3.67309e-06,0.00202302,-3.6809e-06,-0.999998,0.999998,-3.85895e-06,0.00202302
224777,-3.85556e-06,-1,3.6731e-06,0.00235302,-3.68216e-06,-0.999997,0.999997,-3.84691e-06,0.00235302
234977,-3.59335e-06,-1,3.67311e-06,0.00276146,-3.68302e-06,-0.999996,0.999996,-3.5832e-06,0.00276146
244958,-3.60734e-06,-1,3.67313e-06,0.0032963,-3.685e-06,-0.999995,0.999995,-3.59521e-06,0.0032963
254989,-3.77725e-06,-1,3.67313e-06,0.00388671,-3.68778e-06,-0.999992,0.999992,-3.76294e-06,0.00388671
265009,-3.83964e-06,-1,3.67311e-06,0.00453808,-3.6905e-06,-0.99999,0.99999,-3.82293e-06,0.00453808
275091,-3.72212e-06,-1,3.67308e-06,0.00518025,-3.69231e-06,-0.999987,0.999987,-3.70304e-06,0.00518025
285164,-3.50869e-06,-1,3.67308e-06,0.00579893,-3.69337e-06,-0.999983,0.999983,-3.48733e-06,0.00579893
295071,-3.96619e-06,-1,3.67307e-06,0.00638384,-3.69832e-06,-0.99998,0.99998,-3.94266e-06,0.00638384
304842,-3.78879e-06,-1,3.67306e-06,0.00702849,-3.6996e-06,-0.999975,0.999975,-3.76288e-06,0.00702849
315087,-3.65983e-06,-1,3.67307e-06,0.00775846,-3.70136e-06,-0.99997,0.99997,-3.63122e-06,0.00775846
325068,-3.69865e-06,-1,3.67309e-06,0.00857608,-3.70468e-06,-0.999963,0.999963,-3.66701e-06,0.00857608
334989,-3.33077e-06,-1,3.67307e-06,0.00957938,-3.7048e-06,-0.999954,0.999954,-3.29543e-06,0.00957938
345132,-3.59871e-06,-1,3.67302e-06,0.0107308,-3.71142e-06,-0.999942,0.999942,-3.55908e-06,0.0107308
354807,-3.42358e-06,-1,3.67297e-06,0.0119946,-3.71377e-06,-0.999928,0.999928,-3.37928e-06,0.0119946
365128,-3.41656e-06,-1,3.67289e-06,0.0133612,-3.71821e-06,-0.999911,0.999911,-3.36718e-06,0.0133612
374932,-3.84141e-06,-1,3.67282e-06,0.0148012,-3.72927e-06,-0.99989,0.99989,-3.78662e-06,0.0148012
385204,-3.72689e-06,-1,3.67273e-06,0.0162647,-3.73286e-06,-0.999868,0.999868,-3.66666e-06,0.0162647
395095,-3.50472e-06,-1,3.67263e-06,0.0177489,-3.73425e-06,-0.999842,0.999842,-3.43898e-06,0.0177489
404836,-3.72601e-06,-1,3.67254e-06,0.0193027,-3.74378e-06,-0.999814,0.999814,-3.65443e-06,0.0193027
415064,-3.68408e-06,-1,3.67242e-06,0.0209107,-3.74866e-06,-0.999781,0.999781,-3.60648e-06,0.0209107
425278,-3.61809e-06,-1,3.67226e-06,0.0225288,-3.75284e-06,-0.999746,0.999746,-3.53444e-06,0.0225288
434883,-3.4684e-06,-1,3.67212e-06,0.0241972,-3.75497e-06,-0.999707,0.999707,-3.37853e-06,0.0241972
444965,-3.65434e-06,-1,3.67197e-06,0.0258753,-3.7653e-06,-0.999665,0.999665,-3.5581e-06,0.0258753
455226,-3.66076e-06,-1,3.6718e-06,0.0276238,-3.77152e-06,-0.999618,0.999618,-3.55793e-06,0.0276238
464828,-3.85951e-06,-1,3.67161e-06,0.029513,-3.78391e-06,-0.999564,0.999564,-3.74947e-06,0.029513
475005,-3.48329e-06,-1,3.67139e-06,0.031529,-3.77939e-06,-0.999503,0.999503,-3.36581e-06,0.031529
485136,-3.21557e-06,-1,3.67113e-06,0.0336722,-3.77732e-06,-0.999433,0.999433,-3.09014e-06,0.0336722
495205,-3.24818e-06,-1,3.67082e-06,0.0359965,-3.78537e-06,-0.999352,0.999352,-3.11394e-06,0.0359965
504832,-3.32871e-06,-1,3.6705e-06,0.0383869,-3.79557e-06,-0.999263,0.999263,-3.18536e-06,0.0383869
515113,-3.51773e-06,-1,3.67013e-06,0.0409036,-3.81094e-06,-0.999163,0.999163,-3.36466e-06,0.0409036
524734,-3.63517e-06,-1,3.66971e-06,0.0435126,-3.82441e-06,-0.999053,0.999053,-3.47205e-06,0.0435126
534833,-3.48933e-06,-1,3.66927e-06,0.0461964,-3.82654e-06,-0.998932,0.998932,-3.3161e-06,0.0461964
545044,-3.9308e-06,-1,3.6688e-06,0.0489229,-3.85671e-06,-0.998803,0.998803,-3.74661e-06,0.0489229
555134,-3.84487e-06,-1,3.66827e-06,0.0516608,-3.862e-06,-0.998665,0.998665,-3.65023e-06,0.0516608
565226,-3.39943e-06,-1,3.66775e-06,0.0543574,-3.84711e-06,-0.998522,0.998522,-3.19503e-06,0.0543574
574788,-3.86449e-06,-1,3.66723e-06,0.0570012,-3.88155e-06,-0.998374,0.998374,-3.64917e-06,0.0570012
585238,-3.5989e-06,-1,3.66664e-06,0.0597242,-3.87503e-06,-0.998215,0.998215,-3.37349e-06,0.0597242
595006,-3.7048e-06,-1,3.66602e-06,0.0624674,-3.89029e-06,-0.998047,0.998047,-3.46855e-06,0.0624674
604864,-3.73953e-06,-1,3.66534e-06,0.0653703,-3.90196e-06,-0.997861,0.997861,-3.49193e-06,0.0653703
614808,-3.84652e-06,-1,3.6646e-06,0.0684121,-3.91916e-06,-0.997657,0.997657,-3.58681e-06,0.0684121
624998,-3.64252e-06,-1,3.66379e-06,0.0715987,-3.91518e-06,-0.997434,0.997434,-3.37085e-06,0.0715987
634776,-3.65473e-06,-1,3.66289e-06,0.0749227,-3.92641e-06,-0.997189,0.997189,-3.37002e-06,0.0749227
645228,-3.49926e-06,-1,3.66195e-06,0.078265,-3.92459e-06,-0.996933,0.996933,-3.20193e-06,0.078265
654962,-3.95528e-06,-1,3.66094e-06,0.0817179,-3.97191e-06,-0.996655,0.996655,-3.64288e-06,0.0817179
665191,-3.7887e-06,-1,3.65982e-06,0.0853096,-3.96969e-06,-0.996354,0.996354,-3.46267e-06,0.0853096
674878,-3.86217e-06,-1,3.65864e-06,0.0889757,-3.98777e-06,-0.996034,0.996034,-3.52132e-06,0.0889757
685276,-4.03185e-06,-1,3.65741e-06,0.0927338,-4.01554e-06,-0.995691,0.995691,-3.67531e-06,0.0927338
695123,-4.10554e-06,-1,3.65611e-06,0.0964947,-4.03521e-06,-0.995334,0.995334,-3.73359e-06,0.0964947
704833,-4.17945e-06,-1,3.65471e-06,0.100309,-4.05551e-06,-0.994956,0.994956,-3.79177e-06,0.100309
715223,-4.08577e-06,-1,3.65324e-06,0.104182,-4.05903e-06,-0.994558,0.994558,-3.68294e-06,0.104182
724928,-3.6448e-06,-1,3.6517e-06,0.108105,-4.02432e-06,-0.994139,0.994139,-3.22867e-06,0.108105
735209,-3.95914e-06,-1,3.65009e-06,0.112099,-4.0709e-06,-0.993697,0.993697,-3.52502e-06,0.112099
744943,-3.80614e-06,-1,3.64839e-06,0.116144,-4.06576e-06,-0.993232,0.993232,-3.35664e-06,0.116144
755259,-3.82145e-06,-1,3.64656e-06,0.120312,-4.07984e-06,-0.992736,0.992736,-3.35497e-06,0.120312
764936,-3.93335e-06,-1,3.64457e-06,0.124688,-4.10657e-06,-0.992196,0.992196,-3.44821e-06,0.124688
775009,-3.85403e-06,-1,3.64247e-06,0.129182,-4.10982e-06,-0.991621,0.991621,-3.3512e-06,0.129182
785071,-3.66698e-06,-1,3.64027e-06,0.133709,-4.09789e-06,-0.991021,0.991021,-3.14732e-06,0.133709
795021,-3.98328e-06,-1,3.63798e-06,0.138282,-4.15385e-06,-0.990393,0.990393,-3.44194e-06,0.138282
805289,-3.90486e-06,-1,3.6355e-06,0.14302,-4.1566e-06,-0.98972,0.98972,-3.34477e-06,0.14302
815055,-4.2943e-06,-1,3.63286e-06,0.147881,-4.22796e-06,-0.989005,0.989005,-3.70985e-06,0.147881
825060,-4.03619e-06,-1,3.6302e-06,0.152687,-4.20391e-06,-0.988275,0.988275,-3.43458e-06,0.152687
834925,-4.38932e-06,-1,3.62749e-06,0.157446,-4.27333e-06,-0.987528,0.987528,-3.76344e-06,0.157446
844793,-4.49103e-06,-1,3.6246e-06,0.16229,-4.30539e-06,-0.986743,0.986743,-3.84325e-06,0.16229
855146,-4.40133e-06,-1,3.62152e-06,0.167236,-4.30658e-06,-0.985917,0.985917,-3.7337e-06,0.167236
864900,-4.19139e-06,-1,3.61848e-06,0.172083,-4.28577e-06,-0.985082,0.985082,-3.50618e-06,0.172083
875068,-2.6325e-06,-1,-6.22699e-06,0.176803,5.66345e-06,-0.984246,0.984246,-3.69198e-06,0.176803
885301,-2.57701e-06,-1,-6.22119e-06,0.181789,5.64905e-06,-0.983338,0.983338,-3.66501e-06,0.181789
894858,-2.24425e-06,-1,-6.21499e-06,0.187002,5.68568e-06,-0.98236,0.98236,-3.36687e-06,0.187002
905099,-2.34303e-06,-1,-6.20847e-06,0.192239,5.64225e-06,-0.981348,0.981348,-3.49284e-06,0.192239
915133,-2.24976e-06,-1,-6.20177e-06,0.197517,5.63523e-06,-0.9803,0.9803,-3.43039e-06,0.197517
924995,-2.67017e-06,-1,-6.19455e-06,0.203043,5.52335e-06,-0.97917,0.97917,-3.87231e-06,0.203043
934854,-2.71775e-06,-1,-6.18697e-06,0.208791,5.48317e-06,-0.97796,0.97796,-3.94964e-06,0.208791
944818,-2.11896e-06,-1,-6.17935e-06,0.214387,5.5814e-06,-0.976749,0.976749,-3.39446e-06,0.214387
955069,-2.49011e-06,-1,-6.17126e-06,0.220136,5.47171e-06,-0.975469,0.975469,-3.78754e-06,0.220136
965130,-2.60883e-06,-1,-6.16286e-06,0.226007,5.41378e-06,-0.974126,0.974126,-3.93418e-06,0.226007
974863,-2.42789e-06,-1,-6.1542e-06,0.231852,5.4236e-06,-0.972751,0.972751,-3.7886e-06,0.231852
985194,-2.65488e-06,-1,-6.1453e-06,0.237678,5.33819e-06,-0.971344,0.971344,-4.0394e-06,0.237678
995170,-3.20361e-06,-1,-6.13579e-06,0.243753,5.16983e-06,-0.969837,0.969837,-4.6026e-06,0.243753
1005124,-2.76909e-06,-1,-6.1259e-06,0.249916,5.23947e-06,-0.968268,0.968268,-4.21218e-06,0.249916
1015235,-2.39526e-06,-1,-6.11596e-06,0.255958,5.29914e-06,-0.966688,0.966688,-3.88089e-06,0.255958
1025367,-2.71563e-06,-1,-6.10549e-06,0.262152,5.18005e-06,-0.965027,0.965027,-4.22122e-06,0.262152
1034900,-2.55554e-06,-1,-6.09444e-06,0.268525,5.18438e-06,-0.963273,0.963273,-4.09819e-06,0.268525
1044989,-2.43227e-06,-1,-6.08335e-06,0.274745,5.18099e-06,-0.961517,0.961517,-4.01004e-06,0.274745
1055308,1.21365e-07,-1,-1.56681e-05,0.281218,1.50699e-05,-0.959644,0.959644,-4.28968e-06,0.281218
1065138,3.47309e-07,-1,-1.56367e-05,0.287721,1.50754e-05,-0.957714,0.957714,-4.16638e-06,0.287721
1074983,3.54674e-07,-1,-1.56053e-05,0.294052,1.50197e-05,-0.955789,0.955789,-4.24977e-06,0.294052
1085272,3.08397e-08,-1,-1.55719e-05,0.300633,1.48608e-05,-0.95374,0.95374,-4.65202e-06,0.300633
1095158,5.70249e-07,-1,-1.55374e-05,0.307256,1.4961e-05,-0.951627,0.951627,-4.23129e-06,0.307256
1104973,5.82296e-07,-1,-1.55021e-05,0.313862,1.49016e-05,-0.949468,0.949468,-4.31267e-06,0.313862
1115266,5.14295e-07,-1,-1.54648e-05,0.320707,1.48129e-05,-0.947178,0.947178,-4.47255e-06,0.320707
1124855,6.60948e-07,-1,-1.54268e-05,0.327489,1.47925e-05,-0.944855,0.944855,-4.42761e-06,0.327489
1135265,9.26657e-07,-1,-1.53883e-05,0.334216,1.48131e-05,-0.942496,0.942496,-4.26964e-06,0.334216
1145142,1.19439e-06,-1,-1.53482e-05,0.341071,1.48352e-05,-0.940037,0.940037,-4.11205e-06,0.341071
1154784,1.32899e-06,-1,-1.53075e-05,0.347848,1.48139e-05,-0.937551,0.937551,-4.07871e-06,0.347848
1165320,1.33311e-06,-1,-1.52655e-05,0.354709,1.47458e-05,-0.934977,0.934977,-4.1684e-06,0.354709
1174881,1.50749e-06,-1,-1.52216e-05,0.361722,1.47362e-05,-0.932286,0.932286,-4.10057e-06,0.361722
1184922,1.52392e-06,-1,-1.51775e-05,0.368597,1.46706e-05,-0.929589,0.929589,-4.17778e-06,0.368597
1195053,1.19555e-06,-1,-1.51315e-05,0.375639,1.44725e-05,-0.926766,0.926766,-4.57599e-06,0.375639
1205216,1.51343e-06,-1,-1.50847e-05,0.382631,1.45159e-05,-0.923901,0.923901,-4.37362e-06,0.382631
1214892,1.67517e-06,-1,-1.5037e-05,0.389609,1.45015e-05,-0.92098,0.92098,-4.31577e-06,0.389609
1225045,1.98212e-06,-1,-1.49878e-05,0.396661,1.45445e-05,-0.917965,0.917965,-4.12556e-06,0.396661
1235123,2.52718e-06,-1,-1.49381e-05,0.403619,1.46873e-05,-0.914927,0.914927,-3.71712e-06,0.403619
1244994,1.82755e-06,-1,-1.48868e-05,0.41068,1.4324e-05,-0.911779,0.911779,-4.44739e-06,0.41068
1255260,2.00112e-06,-1,-1.48351e-05,0.417643,1.43151e-05,-0.908611,0.908611,-4.37752e-06,0.417643
1264976,2.79481e-06,-1,-1.47836e-05,0.424416,1.45722e-05,-0.905467,0.905467,-3.74379e-06,0.424416
1275143,2.19959e-06,-1,-1.47307e-05,0.431266,1.4239e-05,-0.902225,0.902225,-4.36831e-06,0.431266
1284938,2.89638e-06,-1,-1.46777e-05,0.437981,1.44636e-05,-0.898984,0.898984,-3.82473e-06,0.437981
1295216,2.39554e-06,-1,-1.46234e-05,0.444742,1.4163e-05,-0.895659,0.895659,-4.35806e-06,0.444742
1304897,2.63684e-06,-1,-1.45686e-05,0.451439,1.419e-05,-0.892302,0.892302,-4.22397e-06,0.451439
1315097,2.60145e-06,-1,-1.45131e-05,0.458081,1.40926e-05,-0.88891,0.88891,-4.33573e-06,0.458081
1325392,2.6533e-06,-1,-1.4455e-05,0.464925,1.40314e-05,-0.88535,0.88535,-4.3714e-06,0.464925
1335062,3.2206e-06,-1,-1.43956e-05,0.471781,1.42123e-05,-0.881716,0.881716,-3.95193e-06,0.471781
1345107,3.32187e-06,-1,-1.43345e-05,0.47872,1.41754e-05,-0.877968,0.877968,-3.94569e-06,0.47872
1355321,3.92773e-06,-1,-1.42715e-05,0.485727,1.43826e-05,-0.874111,0.874111,-3.49876e-06,0.485727
1365147,3.11639e-06,-1,-1.42089e-05,0.492559,1.39007e-05,-0.870279,0.870279,-4.28658e-06,0.492559
1374953,2.94174e-06,-1,-1.41443e-05,0.499479,1.37229e-05,-0.866326,0.866326,-4.51629e-06,0.499479
1385318,3.31513e-06,-1,-1.40805e-05,0.506198,1.38213e-05,-0.862417,0.862417,-4.26849e-06,0.506198
1395245,3.30536e-06,-1,-1.40153e-05,0.512943,1.37265e-05,-0.858423,0.858423,-4.35163e-06,0.512943
1405003,3.60738e-06,-1,-1.39488e-05,0.519693,1.37919e-05,-0.854353,0.854353,-4.16712e-06,0.519693
1415221,3.52145e-06,-1,-1.38838e-05,0.526178,1.36594e-05,-0.850375,0.850375,-4.31081e-06,0.526178
1425022,3.14961e-06,-1,-1.38168e-05,0.532758,1.33707e-05,-0.846267,0.846267,-4.69558e-06,0.532758
1435336,3.74616e-06,-1,-1.37499e-05,0.539204,1.35998e-05,-0.842175,0.842175,-4.25909e-06,0.539204
1444988,3.66134e-06,-1,-1.36809e-05,0.545757,1.3462e-05,-0.837943,0.837943,-4.39842e-06,0.545757
1454863,4.52547e-06,-1,-1.36092e-05,0.552439,1.38441e-05,-0.833553,0.833553,-3.74605e-06,0.552439
1465266,6.5502e-06,-1,-1.35375e-05,0.55901,1.48864e-05,-0.829161,0.829161,-2.13646e-06,0.55901
1474906,-2.16043e-05,-1,1.95191e-05,0.565835,-2.83183e-05,-0.824518,0.824518,-6.7686e-06,0.565835
1484809,-4.61564e-05,-1,5.22005e-05,0.572628,-6.92252e-05,-0.819815,0.819815,-7.94825e-06,0.572628
1495017,-4.42996e-05,-1,5.18957e-05,0.579416,-6.79645e-05,-0.815032,0.815032,-6.0364e-06,0.579416
1505080,-5.25366e-05,-1,5.96949e-05,0.58606,-7.91585e-05,-0.810268,0.810268,-7.58395e-06,0.58606
1515259,-3.52411e-05,-1,3.51867e-05,0.592343,-4.92242e-05,-0.805686,0.805686,-7.55067e-06,0.592343
1525047,-1.08989e-05,-1,2.9424e-06,0.598504,-8.88027e-06,-0.80112,0.80112,-6.97032e-06,0.598504
1534811,1.13152e-06,-1,-1.30073e-05,0.604413,1.10465e-05,-0.796671,0.796671,-6.96035e-06,0.604413
1545127,7.26181e-06,-1,-2.08535e-05,0.610412,2.09504e-05,-0.792084,0.792084,-6.97724e-06,0.610412
1554902,2.19167e-06,-1,-1.28555e-05,0.616495,1.1473e-05,-0.787359,0.787359,-6.1997e-06,0.616495
1564929,-5.6847e-06,-1,-4.95181e-06,0.622525,3.36416e-07,-0.7826,0.7826,-7.53147e-06,0.622525
1575274,-1.14296e-05,-1,2.85578e-06,0.628763,-9.40718e-06,-0.777597,0.777597,-7.09204e-06,0.628763
1584946,-1.09249e-05,-1,2.83745e-06,0.634928,-9.12864e-06,-0.772571,0.772571,-6.63866e-06,0.634928
1594757,-4.82444e-06,-1,-4.85624e-06,0.641057,6.3439e-07,-0.767493,0.767493,-6.81586e-06,0.641057
1605168,-4.54596e-06,-1,-4.8236e-06,0.647193,7.35044e-07,-0.762326,0.762326,-6.58731e-06,0.647193
1615022,1.61423e-06,-1,-1.2365e-05,0.653053,1.04183e-05,-0.757313,0.757313,-6.85251e-06,0.653053
1624937,1.63805e-06,-1,-1.22817e-05,0.658924,1.03178e-05,-0.75221,0.75221,-6.86055e-06,0.658924
1635262,2.15293e-06,-1,-1.21975e-05,0.664763,1.05434e-05,-0.747055,0.747055,-6.50008e-06,0.664763
1645153,-4.57766e-06,-1,-4.69399e-06,0.670598,4.12337e-07,-0.741821,0.741821,-6.54358e-06,0.670598
1655002,-4.13311e-06,-1,-4.66025e-06,0.676451,6.36365e-07,-0.736487,0.736487,-6.19641e-06,0.676451
1664812,-4.99568e-06,-1,-4.62668e-06,0.682181,-2.50104e-08,-0.731183,0.731183,-6.80899e-06,0.682181
1675089,-4.44405e-06,-1,-4.59238e-06,0.687939,2.75773e-07,-0.725769,0.725769,-6.38463e-06,0.687939
1685292,-3.78524e-06,-1,-4.55834e-06,0.693555,6.58574e-07,-0.720403,0.720403,-5.88836e-06,0.693555
1695198,-4.25361e-06,-1,-4.52442e-06,0.699092,2.61438e-07,-0.715032,0.715032,-6.20445e-06,0.699092
1704802,-4.18231e-06,-1,-4.48955e-06,0.704672,2.38333e-07,-0.709533,0.709533,-6.13115e-06,0.704672
1715121,-4.78298e-06,-1,-4.4549e-06,0.71012,-2.59889e-07,-0.70408,0.70408,-6.53112e-06,0.71012
1724997,-4.86787e-06,-1,-4.41929e-06,0.715651,-3.97013e-07,-0.698458,0.698458,-6.56267e-06,0.715651
1734853,-3.70678e-06,-1,-4.38344e-06,0.721128,3.6379e-07,-0.692801,0.692801,-5.72908e-06,0.721128
1745221,-3.85261e-06,-1,-4.34791e-06,0.726492,1.88883e-07,-0.687175,0.687175,-5.80614e-06,0.726492
1754886,-4.16659e-06,-1,-4.31211e-06,0.731794,-1.10272e-07,-0.681526,0.681526,-5.99521e-06,0.731794
1765089,-4.52927e-06,-1,-4.27676e-06,0.736952,-4.47003e-07,-0.675945,0.675945,-6.21331e-06,0.736952
1774881,-4.79612e-06,-1,-4.24075e-06,0.742138,-7.1703e-07,-0.670248,0.670248,-6.3618e-06,0.742138
1785053,-3.91306e-06,-1,-4.20471e-06,0.747229,-1.29638e-07,-0.664567,0.664567,-5.74237e-06,0.747229
1794814,-3.22178e-06,-1,-4.16799e-06,0.752324,3.22025e-07,-0.658794,0.658794,-5.25817e-06,0.752324
1805165,-3.50051e-06,-1,-4.13012e-06,0.757491,4.47225e-08,-0.652845,0.652845,-5.41382e-06,0.757491
1815173,-3.92395e-06,-1,-4.09205e-06,0.762555,-3.44988e-07,-0.646923,0.646923,-5.65891e-06,0.762555
1825183,-4.22679e-06,-1,-4.05298e-06,0.767714,-6.4785e-07,-0.640793,0.640793,-5.82002e-06,0.767714
1834717,-3.57134e-06,-1,-4.01375e-06,0.772826,-2.12826e-07,-0.634618,0.634618,-5.36836e-06,0.772826
1845236,-3.59863e-06,-1,-3.97377e-06,0.777979,-3.02975e-07,-0.628291,0.628291,-5.35249e-06,0.777979
1854839,-3.26668e-06,-1,-3.93348e-06,0.783108,-1.11983e-07,-0.621886,0.621886,-5.11184e-06,0.783108
1864823,-4.52918e-06,-1,-3.89283e-06,0.788136,-1.17356e-06,-0.615502,0.615502,-5.85579e-06,0.788136
1874846,-3.25128e-06,-1,-3.85268e-06,0.793123,-2.32148e-07,-0.609061,0.609061,-5.03588e-06,0.793123
1884873,-3.10129e-06,-1,-3.81339e-06,0.79788,-1.7568e-07,-0.602816,0.602816,-4.91214e-06,0.79788
1894815,-3.27554e-06,-1,-3.77434e-06,0.802531,-3.76914e-07,-0.596611,0.596611,-4.98325e-06,0.802531
1904928,-4.16894e-06,-1,-3.73453e-06,0.807174,-1.16052e-06,-0.590313,0.590313,-5.4754e-06,0.807174
1915238,-4.73959e-06,-1,-3.695e-06,0.811707,-1.68904e-06,-0.584065,0.584065,-5.76748e-06,0.811707
1924661,-3.82354e-06,-1,-3.65428e-06,0.816306,-1.01039e-06,-0.57762,0.57762,-5.19157e-06,0.816306
1934813,-2.29715e-06,-1,-3.61394e-06,0.820786,1.78939e-07,-0.571236,0.571236,-4.27849e-06,0.820786
1945079,-3.10794e-06,-1,-3.57319e-06,0.825245,-5.46766e-07,-0.564775,0.564775,-4.70405e-06,0.825245
1954853,-3.54761e-06,-1,-3.53229e-06,0.829628,-9.71064e-07,-0.558317,0.558317,-4.91118e-06,0.829628
1964897,-4.38313e-06,-1,-3.49147e-06,0.833928,-1.72837e-06,-0.551873,0.551873,-5.33056e-06,0.833928
1975098,-3.39687e-06,-1,-3.44955e-06,0.838282,-9.66715e-07,-0.545237,0.545237,-4.74379e-06,0.838282
1985215,-3.11827e-06,-1,-3.40754e-06,0.84256,-7.92025e-07,-0.538602,0.538602,-4.55057e-06,0.84256
1995336,-3.57074e-06,-1,-3.36533e-06,0.846797,-1.23362e-06,-0.531916,0.531916,-4.74908e-06,0.846797
2004839,-3.60437e-06,-1,-3.32315e-06,0.850947,-1.32164e-06,-0.525252,0.525252,-4.72102e-06,0.850947
2014971,-3.59086e-06,-1,-3.28147e-06,0.854986,-1.3682e-06,-0.518651,0.518651,-4.66801e-06,0.854986
2025039,-3.08583e-06,-1,-3.23895e-06,0.85903,-9.92723e-07,-0.511925,0.511925,-4.36207e-06,0.85903
2035178,-2.13815e-06,-1,-3.19673e-06,0.862966,-2.29965e-07,-0.505262,0.505262,-3.839e-06,0.862966
2045288,-2.97644e-06,-1,-3.15445e-06,0.866855,-1.00745e-06,-0.498561,0.498561,-4.21839e-06,0.866855
2054850,-3.16801e-06,-1,-3.11198e-06,0.87068,-1.22769e-06,-0.49185,0.49185,-4.26772e-06,0.87068
2065076,-3.7912e-06,-1,-3.06928e-06,0.874461,-1.82637e-06,-0.485095,0.485095,-4.52306e-06,0.874461
2075190,-3.16782e-06,-1,-3.02523e-06,0.878288,-1.3358e-06,-0.478133,0.478133,-4.17166e-06,0.878288
2085281,-2.60487e-06,-1,-2.9813e-06,0.882026,-8.92775e-07,-0.4712,0.4712,-3.857e-06,0.882026
2094818,-3.39617e-06,-1,-2.93689e-06,0.885759,-1.64504e-06,-0.464146,0.464146,-4.17769e-06,0.885759
2105034,-3.50472e-06,-1,-2.89216e-06,0.889425,-1.79523e-06,-0.457081,0.457081,-4.1743e-06,0.889425
2115306,-3.66181e-06,-1,-2.8476e-06,0.893009,-1.9885e-06,-0.450038,0.450038,-4.19089e-06,0.893009
2125050,-2.65671e-06,-1,-2.80251e-06,0.896566,-1.14066e-06,-0.442909,0.442909,-3.68932e-06,0.896566
2134860,-2.25141e-06,-1,-2.75813e-06,0.899992,-8.23969e-07,-0.435906,0.435906,-3.4637e-06,0.899992
2145223,-2.74529e-06,-1,-2.71342e-06,0.903389,-1.31649e-06,-0.428821,0.428821,-3.62852e-06,0.903389
2155203,-3.55117e-06,-1,-2.66846e-06,0.906722,-2.09455e-06,-0.421729,0.421729,-3.91718e-06,0.906722
2164945,-3.55442e-06,-1,-2.62365e-06,0.909984,-2.14658e-06,-0.414644,0.414644,-3.86129e-06,0.909984
2175191,-2.44337e-06,-1,-2.57832e-06,0.913214,-1.18071e-06,-0.407479,0.407479,-3.35018e-06,0.913214
2185024,-2.08815e-06,-1,-2.53365e-06,0.916331,-8.9891e-07,-0.400422,0.400422,-3.1578e-06,0.916331
2195004,-3.41084e-06,-1,-2.48837e-06,0.919435,-2.15752e-06,-0.393241,0.393241,-3.62918e-06,0.919435
2205335,1.32121e-05,-1,-1.0165e-05,0.922458,1.61123e-05,-0.386097,0.386097,-4.27566e-06,0.922458
2214942,-2.31376e-05,-1,1.39029e-06,0.925522,-2.19408e-05,-0.378693,0.378693,-7.47529e-06,0.925522
2225017,-5.04076e-05,-1,1.24952e-05,0.928596,-5.14451e-05,-0.371093,0.371093,-7.10287e-06,0.928596
2235057,-3.92257e-05,-1,8.60846e-06,0.931533,-3.96705e-05,-0.363657,0.363657,-6.24565e-06,0.931533
2245167,-5.56435e-05,-1,1.55597e-05,0.934374,-5.75357e-05,-0.356295,0.356295,-5.2869e-06,0.934374
2255297,-5.84253e-05,-1,1.5238e-05,0.937149,-6.00702e-05,-0.34893,0.34893,-6.10602e-06,0.937149
2264842,-5.09292e-05,-1,1.15045e-05,0.939815,-5.17949e-05,-0.341683,0.341683,-6.58957e-06,0.939815
2274974,-4.86574e-05,-1,1.12565e-05,0.942461,-4.96209e-05,-0.334315,0.334315,-5.65812e-06,0.942461
2285089,-4.81209e-05,-1,1.10095e-05,0.945034,-4.90757e-05,-0.326973,0.326973,-5.32982e-06,0.945034
2295095,-5.92751e-05,-1,1.39573e-05,0.947552,-6.0627e-05,-0.319603,0.319603,-5.7192e-06,0.947552
2305250,-5.83873e-05,-1,1.36359e-05,0.950001,-5.97258e-05,-0.312247,0.312247,-5.27711e-06,0.950001
2314825,-5.89576e-05,-1,1.33191e-05,0.952355,-6.02108e-05,-0.304993,0.304993,-5.29717e-06,0.952355
2325272,-5.95278e-05,-1,1.29932e-05,0.95471,-6.06978e-05,-0.297539,0.297539,-5.30713e-06,0.95471
2335254,-5.87766e-05,-1,1.26689e-05,0.956992,-5.99242e-05,-0.290115,0.290115,-4.928e-06,0.956992
2345159,-5.8491e-05,-1,1.2341e-05,0.959236,-5.95943e-05,-0.282606,0.282606,-4.69197e-06,0.959236
2355089,-4.97024e-05,-1,9.2652e-06,0.961394,-5.03331e-05,-0.275177,0.275177,-4.76944e-06,0.961394
2365007,-5.02149e-05,-1,9.02086e-06,0.963445,-5.0796e-05,-0.267906,0.267906,-4.76178e-06,0.963445
2375114,-4.94566e-05,-1,8.77013e-06,0.965486,-5.00339e-05,-0.260456,0.260456,-4.41383e-06,0.965486
2384837,-4.94626e-05,-1,8.52247e-06,0.967442,-5.00091e-05,-0.253094,0.253094,-4.2737e-06,0.967442
2395183,-5.91621e-05,-1,1.0723e-05,0.96939,-5.99839e-05,-0.245526,0.245526,-4.13111e-06,0.96939
2404816,-5.89825e-05,-1,1.03863e-05,0.971312,-5.97603e-05,-0.23781,0.23781,-3.93834e-06,0.971312
2414924,-5.9435e-05,-1,1.00509e-05,0.973164,-6.01528e-05,-0.230112,0.230112,-3.89546e-06,0.973164
2425097,-5.93826e-05,-1,9.70924e-06,0.974982,-6.00551e-05,-0.222282,0.222282,-3.73331e-06,0.974982
2435217,-4.97868e-05,-1,7.22574e-06,0.976716,-5.01778e-05,-0.214536,0.214536,-3.62354e-06,0.976716
2445008,-4.99883e-05,-1,6.9585e-06,0.978426,-5.03475e-05,-0.206597,0.206597,-3.51907e-06,0.978426
2455171,-5.03312e-05,-1,6.69176e-06,0.980067,-5.06574e-05,-0.198666,0.198666,-3.44075e-06,0.980067
2464994,-5.08867e-05,-1,6.42968e-06,0.981614,-5.11784e-05,-0.190876,0.190876,-3.40157e-06,0.981614
2474914,-5.14402e-05,-1,6.16478e-06,0.98311,-5.16996e-05,-0.183016,0.183016,-3.35375e-06,0.98311
2485005,-4.99655e-05,-1,5.90572e-06,0.98451,-5.0227e-05,-0.175328,0.175328,-2.9461e-06,0.98451
2495043,-5.08741e-05,-1,5.64276e-06,0.985867,-5.11004e-05,-0.167531,0.167531,-2.95995e-06,0.985867
2504828,-5.08691e-05,-1,5.38313e-06,0.987144,-5.10756e-05,-0.159834,0.159834,-2.81669e-06,0.987144
2515163,-5.13891e-05,-1,5.12542e-06,0.988352,-5.15706e-05,-0.152183,0.152183,-2.75485e-06,0.988352
2525123,-5.14645e-05,-1,4.8632e-06,0.989519,-5.16273e-05,-0.1444,0.1444,-2.61921e-06,0.989519
2534881,-5.13573e-05,-1,4.60517e-06,0.990608,-5.15046e-05,-0.136731,0.136731,-2.46023e-06,0.990608
2545175,-5.20153e-05,-1,4.34469e-06,0.991644,-5.21412e-05,-0.129001,0.129001,-2.40164e-06,0.991644
2555181,-5.12808e-05,-1,4.08756e-06,0.992607,-5.13978e-05,-0.121372,0.121372,-2.16671e-06,0.992607
2565114,-4.15202e-05,-1,2.68977e-06,0.993525,-4.1557e-05,-0.113617,0.113617,-2.04505e-06,0.993525
2574953,-3.86765e-05,-1,2.50347e-06,0.99439,-3.87243e-05,-0.105774,0.105774,-1.60154e-06,0.99439
2584923,-2.26195e-05,-1,1.34077e-06,0.995179,-2.26419e-05,-0.0980768,0.0980768,-8.84138e-07,0.995179
2595007,-2.07602e-05,-1,1.23247e-06,0.995928,-2.07867e-05,-0.0901559,0.0901559,-6.44204e-07,0.995928
2605124,-1.97868e-05,-1,1.12392e-06,0.996614,-1.98122e-05,-0.0822185,0.0822185,-5.06725e-07,0.996614
2615225,-1.97953e-05,-1,1.01563e-06,0.997236,-1.9816e-05,-0.074302,0.074302,-4.58009e-07,0.997236
2624993,-1.96833e-05,-1,9.04763e-07,0.997807,-1.97e-05,-0.0661965,0.0661965,-4.00186e-07,0.997807
2635103,-1.88272e-05,-1,7.95289e-07,0.998306,-1.88416e-05,-0.0581862,0.0581862,-3.01544e-07,0.998306
2644936,-1.85337e-05,-1,6.85219e-07,0.998743,-1.85447e-05,-0.0501337,0.0501337,-2.44806e-07,0.998743
2654987,-1.94136e-05,-1,5.74134e-07,0.999117,-1.94206e-05,-0.0420237,0.0420237,-2.42203e-07,0.999117
2665054,-9.29161e-06,-1,1.24298e-07,0.999422,-9.29047e-06,-0.0339963,0.0339963,-1.91654e-07,0.999422
2675109,-8.82525e-06,-1,9.48166e-08,0.999663,-8.82473e-06,-0.0259613,0.0259613,-1.34331e-07,0.999663
2685353,1.41224e-06,-1,-1.15075e-07,0.999836,1.41409e-06,-0.0180975,0.0180975,-8.94986e-08,0.999836
2695020,2.26379e-06,-1,-6.54769e-08,0.999947,2.26434e-06,-0.0102792,0.0102792,-4.22035e-08,0.999947
2705297,2.32402e-06,-1,-1.58975e-08,0.999997,2.32405e-06,-0.00246641,0.00246641,-1.01654e-08,0.999997
2715137,2.65953e-06,-1,3.31435e-08,0.999986,2.65966e-06,0.00527454,-0.00527454,1.91152e-08,0.999986
2724885,1.39406e-05,-1,2.12692e-07,0.999915,1.39422e-05,0.0130254,-0.0130254,3.10925e-08,0.999915
2735211,1.43699e-05,-1,3.37156e-07,0.999787,1.43738e-05,0.0206479,-0.0206479,4.03761e-08,0.999787
2744966,1.44747e-05,-1,4.60982e-07,0.999601,1.4482e-05,0.0282307,-0.0282307,5.21675e-08,0.999601
2754763,1.42791e-05,-1,5.85406e-07,0.999357,1.42909e-05,0.0358536,-0.0358536,7.30721e-08,0.999357
2765206,1.41182e-05,-1,7.08861e-07,0.999057,1.41357e-05,0.0434164,-0.0434164,9.52305e-08,0.999057
2775153,1.49393e-05,-1,8.3456e-07,0.998693,1.49624e-05,0.0511169,-0.0511169,6.98173e-08,0.998693
2784874,1.49562e-05,-1,9.59747e-07,0.99827,1.49868e-05,0.0587885,-0.0587885,7.88342e-08,0.99827
2794773,1.32227e-05,-1,1.08617e-06,0.997785,1.32656e-05,0.0665211,-0.0665211,2.04179e-07,0.997785
2804792,1.86427e-05,-1,1.21242e-06,0.997234,1.86812e-05,0.0743193,-0.0743193,-1.76446e-07,0.997234
2815232,1.6727e-05,-1,1.34136e-06,0.996615,1.67806e-05,0.0822052,-0.0822052,-3.82218e-08,0.996615
2824967,1.62963e-05,-1,1.47058e-06,0.995931,1.63625e-05,0.0901241,-0.0901241,-4.08863e-09,0.995931
2835036,1.66555e-05,-1,1.5996e-06,0.995184,1.67321e-05,0.0980277,-0.0980277,-4.08051e-08,0.995184
2845310,1.78645e-05,-1,1.7308e-06,0.99436,1.79473e-05,0.106059,-0.106059,-1.73659e-07,0.99436
2854888,1.7287e-05,-1,1.85991e-06,0.993486,1.73863e-05,0.113957,-0.113957,-1.22175e-07,0.993486
2864931,1.62771e-05,-1,1.98916e-06,0.992548,1.63982e-05,0.121856,-0.121856,-9.12479e-09,0.992548
2875033,1.61888e-05,-1,2.11797e-06,0.991548,1.63267e-05,0.12974,-0.12974,-2.64562e-10,0.991548
2885423,1.7394e-05,-1,2.24472e-06,0.9905,1.75375e-05,0.137513,-0.137513,-1.68508e-07,0.9905
2895320,1.77831e-05,-1,2.37333e-06,0.989376,1.79392e-05,0.145382,-0.145382,-2.37221e-07,0.989376
2904987,2.71425e-05,-1,4.03318e-06,0.988195,2.744e-05,0.153204,-0.153204,-1.72784e-07,0.988195
2915099,2.66427e-05,-1,4.23657e-06,0.986967,2.69772e-05,0.160925,-0.160925,-1.06121e-07,0.986967
2925168,2.68124e-05,-1,4.44073e-06,0.985671,2.71773e-05,0.168678,-0.168678,-1.45565e-07,0.985671
2935251,1.77727e-05,-1,2.87921e-06,0.984328,1.80019e-05,0.17635,-0.17635,-3.00131e-07,0.984328
2944815,1.74017e-05,-1,3.00671e-06,0.982897,1.76578e-05,0.184155,-0.184155,-2.49322e-07,0.982897
2954909,1.6994e-05,-1,3.13356e-06,0.98141,1.72795e-05,0.191924,-0.191924,-1.86249e-07,0.98141
2964846,1.55429e-05,-1,3.25863e-06,0.979881,1.58806e-05,0.199583,-0.199583,9.09652e-08,0.979881
2975099,1.6332e-05,-1,3.383e-06,0.978299,1.66785e-05,0.207198,-0.207198,-7.43744e-08,0.978299
2985110,2.73065e-05,-1,5.65374e-06,0.97667,2.78836e-05,0.214747,-0.214747,-3.42142e-07,0.97667
2994852,2.82561e-05,-1,5.85457e-06,0.974963,2.88505e-05,0.222369,-0.222369,-5.75293e-07,0.974963
3004942,2.76349e-05,-1,6.05339e-06,0.973209,2.82863e-05,0.229921,-0.229921,-4.62636e-07,0.973209
3014964,1.731e-05,-1,3.87684e-06,0.971403,1.77355e-05,0.237437,-0.237437,-3.44078e-07,0.971403
3025128,1.62964e-05,-1,4.00094e-06,0.969513,1.678e-05,0.245039,-0.245039,-1.14297e-07,0.969513
3035308,1.74993e-05,-1,4.12348e-06,0.967587,1.79734e-05,0.252538,-0.252538,-4.2941e-07,0.967587
3045051,1.78978e-05,-1,4.24826e-06,0.965563,1.83867e-05,0.260169,-0.260169,-5.54495e-07,0.965563
3055321,1.77316e-05,-1,4.37374e-06,0.963461,1.82552e-05,0.267849,-0.267849,-5.35458e-07,0.963461
3065209,2.64118e-05,-1,7.2495e-06,0.961345,2.73869e-05,0.275348,-0.275348,-3.03153e-07,0.961345
3075091,2.5671e-05,-1,7.44708e-06,0.959162,2.67291e-05,0.282856,-0.282856,-1.18244e-07,0.959162
3085272,2.68466e-05,-1,7.64412e-06,0.956925,2.79095e-05,0.290337,-0.290337,-4.79699e-07,0.956925
3095516,1.76825e-05,-1,4.8647e-06,0.954589,1.83289e-05,0.297927,-0.297927,-6.24324e-07,0.954589
3105372,1.76673e-05,-1,4.98882e-06,0.952179,1.83467e-05,0.30554,-0.30554,-6.47813e-07,0.952179
3114933,1.63328e-05,-1,5.11187e-06,0.949723,1.71122e-05,0.313091,-0.313091,-2.58807e-07,0.949723
3125201,1.57764e-05,-1,5.23522e-06,0.947199,1.6622e-05,0.320647,-0.320647,-9.98546e-08,0.947199
3135121,1.75804e-05,-1,5.35627e-06,0.944657,1.83646e-05,0.32806,-0.32806,-7.07578e-07,0.944657
3145259,1.78854e-05,-1,5.47715e-06,0.942054,1.86864e-05,0.33546,-0.33546,-8.40066e-07,0.942054
3155284,2.66614e-05,-1,9.02405e-06,0.939421,2.81394e-05,0.342767,-0.342767,-6.61245e-07,0.939421
3164897,2.59685e-05,-1,9.21243e-06,0.936778,2.75504e-05,0.349925,-0.349925,-4.57051e-07,0.936778
3175083,2.60883e-05,-1,9.40293e-06,0.934042,2.7726e-05,0.357163,-0.357163,-5.35052e-07,0.934042
3185417,1.76259e-05,-1,5.94731e-06,0.93129,1.85813e-05,0.364279,-0.364279,-8.82057e-07,0.93129
3194825,1.7879e-05,-1,6.06468e-06,0.928438,1.88525e-05,0.371487,-0.371487,-1.01111e-06,0.928438
3205147,1.83939e-05,-1,6.18377e-06,0.925479,1.93655e-05,0.3788,-0.3788,-1.24465e-06,0.925479
3215361,1.59832e-05,-1,6.30409e-06,0.922431,1.71778e-05,0.386162,-0.386162,-3.57017e-07,0.922431
3224857,1.48048e-05,-1,6.42684e-06,0.919255,1.61394e-05,0.393663,-0.393663,7.98129e-08,0.919255
3235086,1.66103e-05,-1,6.54663e-06,0.916068,1.78415e-05,0.401023,-0.401023,-6.63948e-07,0.916068
3245221,1.6557e-05,-1,6.66725e-06,0.912807,1.78362e-05,0.408391,-0.408391,-6.75832e-07,0.912807
3254932,1.58921e-05,-1,6.78645e-06,0.909513,1.7275e-05,0.415677,-0.415677,-4.33599e-07,0.909513
3265025,1.41238e-05,-1,6.90453e-06,0.906176,1.57186e-05,0.422901,-0.422901,2.83723e-07,0.906176
3274846,1.4691e-05,-1,7.02338e-06,0.902743,1.62835e-05,0.43018,-0.43018,2.05227e-08,0.902743
3285247,1.71644e-05,-1,7.13814e-06,0.899354,1.85578e-05,0.437221,-0.437221,-1.08491e-06,0.899354
3295103,1.62812e-05,-1,7.25287e-06,0.89591,1.78084e-05,0.444237,-0.444237,-7.34775e-07,0.89591
3304953,1.565e-05,-1,7.36442e-06,0.892488,1.72894e-05,0.451071,-0.451071,-4.86613e-07,0.892488
3314853,1.3916e-05,-1,7.47482e-06,0.88904,1.57941e-05,0.457829,-0.457829,2.74278e-07,0.88904
3325189,1.47692e-05,-1,7.58568e-06,0.88551,1.66027e-05,0.464621,-0.464621,-1.44881e-07,0.88551
3335035,1.67845e-05,-1,7.69475e-06,0.881968,1.843e-05,0.471308,-0.471308,-1.12416e-06,0.881968
3345053,1.62459e-05,-1,7.80493e-06,0.878333,1.80004e-05,0.478049,-0.478049,-9.11001e-07,0.878333
3355189,1.64007e-05,-1,7.91582e-06,0.874602,1.8182e-05,0.484841,-0.484841,-1.02853e-06,0.874602
3365044,1.4745e-05,-1,8.02644e-06,0.870815,1.6786e-05,0.491611,-0.491611,-2.59254e-07,0.870815
3375254,1.39504e-05,-1,8.13806e-06,0.866922,1.61502e-05,0.498444,-0.498444,1.01591e-07,0.866922
3384927,1.4653e-05,-1,8.24879e-06,0.862987,1.68129e-05,0.505226,-0.505226,-2.84482e-07,0.862987
3395173,1.56535e-05,-1,8.36084e-06,0.858938,1.77268e-05,0.51208,-0.51208,-8.34394e-07,0.858938
3405275,1.54296e-05,-1,8.4742e-06,0.854763,1.75869e-05,0.519018,-0.519018,-7.64817e-07,0.854763
3415101,1.38761e-05,-1,8.58412e-06,0.850634,1.63166e-05,0.525757,-0.525758,6.49563e-09,0.850634
3425033,5.24722e-06,-1,3.36936e-06,0.846415,6.23559e-06,0.532524,-0.532524,5.76145e-08,0.846415
3434760,5.96365e-06,-1,3.41145e-06,0.842199,6.86192e-06,0.539167,-0.539167,-3.42282e-07,0.842199
3445269,6.16437e-06,-1,3.45325e-06,0.837944,7.05003e-06,0.545757,-0.545757,-4.70615e-07,0.837944
3455222,5.84955e-06,-1,3.49454e-06,0.833647,6.80648e-06,0.552298,-0.552298,-3.17488e-07,0.833647
3465004,4.7559e-06,-1,3.53488e-06,0.829366,5.91934e-06,0.558705,-0.558705,2.74564e-07,0.829366
3474978,4.46382e-06,-1,3.57663e-06,0.824884,5.70401e-06,0.565302,-0.565302,4.26898e-07,0.824884
3485032,6.36465e-06,-1,3.61802e-06,0.820362,7.29027e-06,0.571844,-0.571844,-6.71503e-07,0.820362
3495100,5.73636e-06,-1,3.65948e-06,0.815756,6.7961e-06,0.578396,-0.578396,-3.32642e-07,0.815756
3505198,5.31137e-06,-1,3.70071e-06,0.811093,6.47262e-06,0.584917,-0.584917,-1.05094e-07,0.811093
3514898,-3.15417e-06,-1,-2.17181e-06,0.806472,-3.82788e-06,0.591272,-0.591272,1.13462e-07,0.806472
3525064,-3.32844e-06,-1,-2.1953e-06,0.801745,-3.98062e-06,0.597667,-0.597667,2.29231e-07,0.801745
3534725,-9.80741e-06,-1,-8.25765e-06,0.797035,-1.28039e-05,0.603933,-0.603933,-6.58617e-07,0.797035
3544751,-1.07726e-05,-1,-8.34332e-06,0.792247,-1.36256e-05,0.610201,-0.610201,-3.65273e-08,0.792247
3554992,-1.09346e-05,-1,-8.42794e-06,0.787443,-1.38053e-05,0.616388,-0.616388,1.03452e-07,0.787443
3564898,-1.08569e-05,-1,-8.51118e-06,0.78264,-1.37951e-05,0.622474,-0.622474,9.69634e-08,0.78264
3575000,-1.03586e-05,-1,-8.59482e-06,0.777736,-1.34589e-05,0.628591,-0.628591,-1.73188e-07,0.777736
3585193,-1.42338e-05,-1,-1.50219e-05,0.772877,-2.05332e-05,0.634555,-0.634555,-2.57796e-06,0.772877
3594871,-4.12441e-05,-1,-3.43761e-05,0.767983,-5.36916e-05,0.64047,-0.64047,1.53639e-08,0.767983
3605103,-3.17268e-05,-1,-2.82326e-05,0.762957,-4.24571e-05,0.646449,-0.646449,-1.03044e-06,0.762957
3615025,-2.88596e-05,-1,-2.19732e-05,0.757751,-3.62069e-05,0.652543,-0.652543,2.18192e-06,0.757751
3624951,-2.43182e-05,-1,-2.21794e-05,0.752436,-3.29067e-05,0.658666,-0.658666,-6.70983e-07,0.752436
3634773,-2.48953e-05,-1,-2.23811e-05,0.747152,-3.34762e-05,0.664653,-0.664653,-1.75303e-07,0.747152
3645030,-3.87387e-05,-1,-3.59915e-05,0.741847,-5.2873e-05,0.670569,-0.670569,-7.23183e-07,0.741847
3654799,-5.32998e-05,-1,-4.98372e-05,0.736475,-7.29671e-05,0.676464,-0.676464,-6.48451e-07,0.736475
3665023,-5.40596e-05,-1,-5.02593e-05,0.731171,-7.38134e-05,0.682194,-0.682194,1.30913e-07,0.731171
3675244,-5.33335e-05,-1,-5.06872e-05,0.72571,-7.35774e-05,0.688001,-0.688001,-9.06893e-08,0.72571
3685308,-4.48126e-05,-1,-4.41643e-05,0.720352,-6.29136e-05,0.693609,-0.693609,-7.314e-07,0.720352
3695262,-3.79896e-05,-1,-3.75276e-05,0.714938,-5.3399e-05,0.699188,-0.699188,-2.68023e-07,0.714938
3705069,-3.06022e-05,-1,-3.07772e-05,0.709488,-4.34011e-05,0.704717,-0.704717,-2.70136e-07,0.709488
3714762,-3.78878e-05,-1,-3.81127e-05,0.704112,-5.37406e-05,0.710089,-0.710089,6.81103e-08,0.704112
3724910,-3.78402e-05,-1,-3.84071e-05,0.698536,-5.39159e-05,0.715574,-0.715574,2.4874e-07,0.698536
3735186,-4.34655e-05,-1,-4.59053e-05,0.692984,-6.32165e-05,0.720953,-0.720953,-4.7508e-07,0.692984
3744731,-4.2901e-05,-1,-4.62492e-05,0.687321,-6.30801e-05,0.726354,-0.726354,-6.26667e-07,0.687321
3755189,-4.32995e-05,-1,-4.65953e-05,0.681531,-6.36079e-05,0.731789,-0.731789,-7.00504e-08,0.681531
3764769,-4.33204e-05,-1,-4.69304e-05,0.675837,-6.38676e-05,0.737051,-0.737051,2.12024e-07,0.675837
3774904,-2.2983e-05,-1,-2.49954e-05,0.670073,-3.39542e-05,0.742295,-0.742295,3.1141e-07,0.670073
3785259,-8.96391e-06,-1,-1.02196e-05,0.664348,-1.35936e-05,0.747423,-0.747423,-8.95701e-08,0.664348
3795131,-1.56801e-06,-1,-2.76421e-06,0.658509,-3.11282e-06,0.752573,-0.752573,-6.40215e-07,0.658509
3804960,-1.22254e-06,-1,-2.78318e-06,0.652544,-2.90672e-06,0.757751,-0.757751,-8.89769e-07,0.652544
3815068,-8.386e-06,-1,-1.043e-05,0.646618,-1.33787e-05,0.762814,-0.762814,-3.47288e-07,0.646618
3825172,-8.49501e-06,-1,-1.04995e-05,0.640575,-1.35042e-05,0.767896,-0.767896,-2.02459e-07,0.640575
3835231,-7.51355e-06,-1,-1.0568e-05,0.634531,-1.29355e-05,0.772898,-0.772898,-8.98508e-07,0.634531
3844764,-1.14573e-06,-1,-2.85733e-06,0.628401,-2.94267e-06,0.777889,-0.777889,-9.04304e-07,0.628401
3855121,-1.15901e-06,-1,-2.87563e-06,0.622188,-2.97236e-06,0.782868,-0.782868,-8.81837e-07,0.622188
3865074,3.92169e-06,-1,4.98359e-06,0.616055,6.34157e-06,0.787703,-0.787703,-1.89644e-08,0.616055
3874997,4.15725e-06,-1,5.01466e-06,0.609727,6.50946e-06,0.792612,-0.792612,-2.3751e-07,0.609727
3884908,-1.28182e-06,-1,-2.92908e-06,0.603452,-3.10916e-06,0.797399,-0.797399,-7.45433e-07,0.603452
3894926,-1.79743e-06,-1,-2.94684e-06,0.596995,-3.43715e-06,0.802245,-0.802245,-3.17266e-07,0.596995
3905186,-8.50753e-07,-1,-2.96443e-06,0.590488,-2.89479e-06,0.807047,-0.807047,-1.06386e-06,0.590488
3914841,-1.71402e-06,-1,-2.98147e-06,0.584114,-3.42116e-06,0.811672,-0.811672,-3.50297e-07,0.584114
3925102,-1.86979e-06,-1,-2.99866e-06,0.577544,-3.52787e-06,0.81636,-0.81636,-2.05439e-07,0.577544
3934727,-1.21093e-06,-1,-3.01535e-06,0.57108,-3.16683e-06,0.820895,-0.820895,-7.27959e-07,0.57108
3945001,3.77564e-06,-1,5.22212e-06,0.564555,6.44187e-06,0.825395,-0.825395,-1.68215e-07,0.564555
3955062,4.65695e-06,-1,5.25016e-06,0.558027,6.9554e-06,0.829822,-0.829822,-9.34705e-07,0.558027
3965230,3.72985e-06,-1,5.2771e-06,0.55164,6.45907e-06,0.834082,-0.834082,-1.99947e-07,0.55164
3975154,-1.97843e-06,-1,-3.07934e-06,0.545156,-3.66007e-06,0.838335,-0.838335,-2.01339e-08,0.545156
3984831,-1.04399e-06,-1,-3.09467e-06,0.538704,-3.16965e-06,0.842495,-0.842495,-7.87557e-07,0.538704
3995135,-1.45146e-06,-1,-3.10985e-06,0.53217,-3.40534e-06,0.846638,-0.846638,-4.26109e-07,0.53217
4004988,4.4154e-06,-1,5.38281e-06,0.525509,6.89996e-06,0.850788,-0.850788,-9.27854e-07,0.525509
4015128,4.01442e-06,-1,5.40813e-06,0.518957,6.70619e-06,0.8548,-0.8548,-6.24943e-07,0.518957
4024923,2.73759e-06,-1,5.43365e-06,0.512259,6.06894e-06,0.858831,-0.858831,4.32312e-07,0.512259
4034793,4.03781e-06,-1,5.4584e-06,0.50563,6.75087e-06,0.86275,-0.86275,-7.23688e-07,0.50563
4044913,3.45601e-06,-1,5.48321e-06,0.498891,6.47628e-06,0.866665,-0.866665,-2.59678e-07,0.498891
4054993,-6.92977e-07,-1,-3.19767e-06,0.492082,-3.12473e-06,0.870549,-0.870549,-9.70246e-07,0.492082
4065296,3.38245e-06,-1,5.53161e-06,0.485362,6.47807e-06,0.874314,-0.874314,-2.72495e-07,0.485362
4074870,2.65607e-06,-1,5.5554e-06,0.478523,6.14905e-06,0.878075,-0.878075,3.26163e-07,0.478523
4085194,3.78749e-06,-1,5.57858e-06,0.471728,6.70554e-06,0.881744,-0.881744,-7.08022e-07,0.471728
